<?xml version="1.0" encoding="UTF-8" standalone="no"?>
<!DOCTYPE svg PUBLIC "-//W3C//DTD SVG 20010904//EN"
              "http://www.w3.org/TR/2001/REC-SVG-20010904/DTD/svg10.dtd">

<svg xmlns="http://www.w3.org/2000/svg"
     width="1.66667in" height="1.38889in"
     viewBox="0 0 120 100">
  <path id="Seleção"
        fill="none" stroke="black" stroke-width="1"
        d="M 18.00,16.00
           C 22.83,17.17 24.17,17.17 29.00,16.00
             29.00,16.00 29.00,26.00 29.00,26.00
             29.00,26.00 18.00,26.00 18.00,26.00
             18.00,26.00 18.00,16.00 18.00,16.00 Z
           M 34.00,17.00
           C 34.00,17.00 112.00,17.00 112.00,17.00
             112.00,17.00 112.00,39.00 112.00,39.00
             112.00,39.00 72.00,39.00 72.00,39.00
             72.00,39.00 72.00,44.00 72.00,44.00
             72.00,44.00 112.00,44.00 112.00,44.00
             112.00,44.00 112.00,70.00 112.00,70.00
             112.00,70.00 113.00,85.00 113.00,85.00
             113.00,85.00 44.00,85.00 44.00,85.00
             44.00,85.00 44.00,79.00 44.00,79.00
             44.00,79.00 41.00,79.00 41.00,79.00
             41.00,79.00 41.00,72.00 41.00,72.00
             41.00,72.00 34.00,72.00 34.00,72.00
             34.00,72.00 34.00,64.00 34.00,64.00
             34.00,64.00 84.00,64.00 84.00,64.00
             84.00,64.00 83.00,59.00 83.00,59.00
             83.00,59.00 70.00,59.60 70.00,59.60
             70.00,59.60 44.91,59.60 44.91,59.60
             44.91,59.60 35.57,58.74 35.57,58.74
             35.57,58.74 34.00,51.00 34.00,51.00
             34.00,51.00 48.00,50.00 48.00,50.00
             48.00,50.00 48.00,46.00 48.00,46.00
             48.00,46.00 44.00,46.00 44.00,46.00
             44.00,46.00 44.00,39.00 44.00,39.00
             44.00,39.00 28.00,39.00 28.00,39.00
             28.00,39.00 28.00,31.00 28.00,31.00
             28.00,31.00 41.00,31.00 41.00,31.00
             41.00,31.00 41.00,26.00 41.00,26.00
             41.00,26.00 34.00,26.00 34.00,26.00
             34.00,26.00 34.00,17.00 34.00,17.00 Z
           M 8.00,31.00
           C 8.00,31.00 23.00,31.00 23.00,31.00
             23.00,31.00 23.00,39.00 23.00,39.00
             23.00,39.00 8.00,39.00 8.00,39.00
             8.00,39.00 8.00,31.00 8.00,31.00 Z
           M 15.00,44.00
           C 15.00,44.00 29.00,44.00 29.00,44.00
             29.00,44.00 29.00,52.00 29.00,52.00
             29.00,52.00 15.00,52.00 15.00,52.00
             15.00,52.00 15.00,44.00 15.00,44.00 Z
           M 16.00,71.00
           C 16.00,71.00 29.00,71.00 29.00,71.00
             29.00,71.00 29.00,79.00 29.00,79.00
             29.00,79.00 17.00,80.00 17.00,80.00
             17.00,80.00 16.00,71.00 16.00,71.00 Z
           M 30.00,73.00
           C 30.00,73.00 31.00,73.00 31.00,73.00
             31.00,73.00 30.00,74.00 30.00,74.00
             30.00,74.00 30.00,73.00 30.00,73.00 Z
           M 31.00,78.00
           C 31.00,78.00 40.00,78.00 40.00,78.00
             39.96,81.76 40.23,86.01 35.04,85.75
             33.85,85.69 32.79,85.37 32.02,84.40
             30.84,82.92 31.02,79.82 31.00,78.00 Z" />
</svg>
